0 0.4734375 0.12343750000000005 0.2453125 0.12343750000000005 0.24531250000000004 0.5640625 0.4734375 0.5640625
0 0.7421875 0.1687500000000001 0.546875 0.1687500000000001 0.546875 0.49687500000000007 0.7421875 0.4968750000000002
0 0.540625 0.4921875 0.4796875 0.4921875 0.4796875 0.60625 0.540625 0.60625
0 0.7859375000000001 0.5734375 0.6015625 0.5734375 0.6015625000000001 0.7937500000000001 0.7859375000000002 0.7937500000000002
0 1 0.03906250000000012 0.8734375 0.03906250000000011 0.8734375 0.2890625000000001 1 0.2890625000000001
0 0.4859375000000001 0.6671875 0.2078125000000001 0.6671875 0.2078125000000001 0.7828125 0.4859375000000002 0.7828125
0 0.4375 0.584375 0.3609375000000001 0.584375 0.3609375000000001 0.66875 0.4375 0.66875
0 0.6687500000000002 0.81875 0.5421875000000002 0.81875 0.5421875000000002 1 0.6687500000000002 1
0 0.4750000000000002 0.940625 0.2671875000000001 0.940625 0.2671875000000001 1 0.4750000000000002 1
0 0.9921875 0.6156250000000002 0.8140625 0.6156250000000002 0.8140625 0.8953125 0.9921875 0.8953125
0 0.1578125000000001 0.7984375 0.0234375000000001 0.7984375 0.023437500000000108 0.9734375 0.15781250000000013 0.9734375