0 0.61875 0.3265625000000001 0.5671875 0.3265625000000001 0.5671875 0.4578125 0.61875 0.4578125
0 0.621875 0.5109375 0.5265625 0.5109375 0.5265625 0.61875 0.621875 0.61875
0 0.3515625000000001 0.8546875 0.3062500000000001 0.8546875 0.3062500000000001 0.9765625 0.3515625000000001 0.9765625
0 0.3984375000000001 0.9640625 0.34062500000000007 0.9640625 0.34062500000000007 1 0.3984375000000001 1
0 0.5609375000000002 0.7640625 0.4906250000000002 0.7640625 0.4906250000000002 0.8984375 0.5609375000000002 0.8984375
0 0.6296875000000002 0.9140625 0.5953125000000001 0.9140625 0.5953125000000001 0.9796875 0.6296875000000002 0.9796875
0 0.8390625 0.5421875 0.71875 0.5421875 0.7187500000000001 0.9171875 0.8390625 0.9171875
0 0.7156250000000001 0.71875 0.571875 0.71875 0.5718750000000001 0.9 0.7156250000000002 0.9
0 0.15000000000000005 0.4203125 0.10937500000000004 0.4203125 0.10937500000000004 0.5203125 0.15000000000000005 0.5203125
0 0.6859375 0.2531250000000001 0.6609375 0.2531250000000001 0.6609375 0.3296875000000001 0.6859375 0.3296875000000001
0 0.7234375 0.4140625 0.69375 0.4140625 0.69375 0.49375 0.7234375 0.49375