0 0.634375 0.3109375000000001 0.584375 0.3109375000000001 0.584375 0.4015625 0.634375 0.4015625
0 0.49218750000000017 0.7421875 0.4500000000000002 0.7421875 0.4500000000000002 0.80625 0.49218750000000017 0.80625
0 0.6812500000000001 0.6625 0.615625 0.6625 0.6156250000000001 0.8328125 0.6812500000000001 0.8328125
0 0.4890625000000002 0.909375 0.4203125000000002 0.909375 0.4203125000000002 1 0.4890625000000002 1
0 1 0.8140625 0.9859375 0.8140625 0.9859375 0.9203125 1 0.9203125
0 0.4109375 0.17343750000000005 0.3671875 0.17343750000000005 0.3671875 0.2328125000000001 0.4109375 0.2328125000000001
0 0.4125 0.34218750000000003 0.296875 0.3421875 0.29687500000000006 0.4921875 0.4125 0.4921875
0 0.21250000000000008 0.609375 0.20468750000000008 0.609375 0.20468750000000008 0.621875 0.21250000000000008 0.621875
0 0.6187500000000001 0.8578125 0.5500000000000002 0.8578125 0.5500000000000002 0.9984375 0.6187500000000001 0.9984375
0 0.58125 0.6890625 0.503125 0.6890625 0.503125 0.8640625 0.5812500000000002 0.8640625
0 0.7921875000000002 0.7390625000000001 0.7140625000000002 0.7390625 0.7140625000000002 0.85625 0.7921875000000002 0.85625
0 0.9484375 0.8453125 0.834375 0.8453125 0.834375 0.9984375 0.9484375 0.9984375