0 0.378125 0.004687500000000034 0.1828125 0.004687500000000022 0.1828125 0.17343750000000005 0.378125 0.17343750000000005
0 0.3703125000000001 0.4015625 0.2562500000000001 0.4015625 0.2562500000000001 0.6890625 0.3703125000000001 0.6890625
0 0.6203125 0.16406250000000006 0.5078125 0.16406250000000006 0.5078125 0.3375000000000001 0.6203125 0.3375000000000001
0 0.66875 0.3859375000000001 0.5515625 0.3859375000000001 0.5515625 0.575 0.66875 0.575
0 0.5265625 0.51875 0.459375 0.51875 0.4593750000000001 0.7609375 0.5265625000000002 0.7609375
0 0.9625 0.6640625000000001 0.5796875 0.6640625 0.5796875000000001 1 0.9625 1
0 0.2000000000000001 0.5984375 7.328745688647442e-17 0.5984375 9.787606840060487e-17 1 0.2000000000000001 1
0 0.45312500000000017 0.8265625 0.24218750000000008 0.8265625 0.24218750000000008 1 0.45312500000000017 1
0 0.5718750000000001 0.8796875 0.4781250000000002 0.8796875 0.4781250000000002 1 0.5718750000000001 1
0 0.23750000000000004 0.25625 0.12656250000000005 0.25625 0.12656250000000005 0.40625 0.2375000000000001 0.40625
0 0.4765625 0.09843750000000005 0.3921875 0.09843750000000004 0.3921875 0.2875000000000001 0.4765625 0.2875000000000001
0 0.05312500000000003 0.1453125 1.7795648800109975e-17 0.1453125 3.406048910128576e-17 0.4109375 0.05312500000000005 0.4109375