0 0.27187500000000003 0.18906250000000002 0.17656250000000004 0.1890625 0.17656250000000004 0.3796875 0.2718750000000001 0.3796875
0 0.20312500000000008 0.7796875 0.12656250000000008 0.7796875 0.1265625000000001 0.9296875 0.20312500000000008 0.9296875
0 0.1281250000000001 0.76875 0.04687500000000009 0.76875 0.046875000000000104 0.9859375 0.12812500000000013 0.9859375
0 0.3109375000000001 0.7171875 0.22812500000000008 0.7171875 0.22812500000000008 0.8796875 0.3109375000000001 0.8796875
0 0.4390625000000002 0.75 0.3578125000000001 0.75 0.3578125000000001 0.8796875 0.4390625000000002 0.8796875
0 0.440625 0.5671875 0.3812500000000001 0.5671875 0.3812500000000001 0.7 0.440625 0.7
0 0.37187500000000007 0.51875 0.3218750000000001 0.51875 0.3218750000000001 0.6 0.37187500000000007 0.6
0 0.4625 0.27812500000000007 0.3984375 0.27812500000000007 0.39843750000000006 0.415625 0.4625 0.415625
0 0.6671875 0.18906250000000008 0.6015625 0.18906250000000008 0.6015625 0.3062500000000001 0.6671875 0.3062500000000001
0 0.8078125 0.04062500000000009 0.746875 0.04062500000000009 0.746875 0.2250000000000001 0.8078125 0.2250000000000001
0 0.5125 0.471875 0.434375 0.471875 0.434375 0.5859375 0.5125 0.5859375
0 0.5984375 0.5265625 0.534375 0.5265625 0.534375 0.646875 0.5984375 0.646875
0 0.7375 0.6515625 0.6765625 0.6515625 0.6765625000000001 0.7781250000000001 0.7375000000000002 0.7781250000000002
0 0.8234375 0.3968750000000001 0.7703125 0.3968750000000001 0.7703125 0.4984375000000002 0.8234375 0.4984375000000002
0 1 0.7171875000000002 0.9453125 0.7171875000000002 0.9453125 0.846875 1 0.846875
0 0.9046875 0.7984375000000001 0.7687500000000002 0.7984375000000001 0.7687500000000002 0.884375 0.9046875 0.884375
0 0.978125 0.93125 0.8453125 0.93125 0.8453125 1 0.978125 1
0 0.271875 0.006250000000000028 0.184375 0.006250000000000022 0.184375 0.06718750000000002 0.271875 0.06718750000000002