0 0.6109375 0.25468750000000007 0.4859375 0.25468750000000007 0.4859375 0.4515625 0.6109375 0.4515625
0 0.228125 0.010937500000000015 0.03125 0.010937500000000003 0.031250000000000014 0.296875 0.228125 0.296875
0 0.18281250000000007 0.325 3.980102097228898e-17 0.325 5.3291270869146544e-17 0.5453125 0.1828125000000001 0.5453125
0 0.36406250000000007 0.4625 0.2968750000000001 0.4625 0.2968750000000001 0.5828125 0.36406250000000007 0.5828125
0 0.5140625 0.48125 0.39531250000000007 0.48125 0.39531250000000007 0.621875 0.5140625 0.621875
0 0.43281250000000016 0.7640625 0.3531250000000001 0.7640625 0.3531250000000001 0.9015625 0.43281250000000016 0.9015625
0 0.5140625000000002 0.7546875 0.4578125000000002 0.7546875 0.4578125000000002 0.825 0.5140625000000002 0.825
0 0.5453125000000002 0.8921875 0.4812500000000002 0.8921875 0.4812500000000002 0.953125 0.5453125000000002 0.953125
0 0.7390625 0.3046875000000001 0.709375 0.3046875000000001 0.709375 0.4390625000000001 0.7390625 0.4390625000000002
0 0.6609375 0.1984375000000001 0.625 0.1984375000000001 0.625 0.3265625000000001 0.6609375 0.3265625000000001
0 0.9546875 0.010937500000000103 0.71875 0.01093750000000009 0.71875 0.13125000000000012 0.9546875 0.13125000000000014
0 0.871875 0.30156250000000007 0.828125 0.30156250000000007 0.828125 0.4109375000000002 0.871875 0.4109375000000002