0 0.10781250000000009 0.65625 0.05312500000000009 0.65625 0.0531250000000001 0.871875 0.10781250000000009 0.871875
0 0.1250000000000001 0.884375 0.07343750000000011 0.884375 0.07343750000000011 0.9859375 0.12500000000000014 0.9859375
0 0.44062500000000016 0.8625 0.3937500000000001 0.8625 0.3937500000000001 0.9546875 0.44062500000000016 0.9546875
0 0.41718750000000016 0.9640625 0.3687500000000001 0.9640625 0.3687500000000001 1 0.41718750000000016 1
0 0.9578125 0.7062500000000002 0.825 0.7062500000000002 0.825 1 0.9578125 1
0 0.540625 0.4203125 0.4578125 0.4203125 0.4578125 0.5734375 0.540625 0.5734375
0 0.36406250000000007 0.25781250000000006 0.18906250000000005 0.2578125 0.18906250000000005 0.5109375 0.36406250000000007 0.5109375
0 0.7546875 0.2796875000000001 0.5734375 0.2796875000000001 0.5734375 0.5000000000000001 0.7546875 0.5000000000000002
0 0.20312500000000008 0.4875 0.045312500000000054 0.4875 0.04531250000000007 0.6515625 0.20312500000000008 0.6515625
0 0.2796875000000001 0.759375 0.1843750000000001 0.759375 0.18437500000000012 0.971875 0.2796875000000001 0.971875
0 0.5250000000000001 0.5890625 0.31718750000000007 0.5890625 0.31718750000000007 0.765625 0.5250000000000001 0.765625
0 0.7921875000000002 0.7968750000000001 0.6859375000000002 0.796875 0.6859375000000002 1 0.7921875000000002 1