0 0.11875000000000006 0.4296875 5.262154215086284e-17 0.4296875 7.615772282197602e-17 0.8140625 0.11875000000000009 0.8140625
0 0.028125000000000105 0.8453125 1.0352092474042469e-16 0.8453125 1.0658254173829309e-16 0.8953125 0.02812500000000011 0.8953125
0 0.7375 0.5468750000000001 0.696875 0.546875 0.696875 0.6390625000000001 0.7375 0.6390625000000002
0 0.8890625 0.5718750000000001 0.834375 0.5718750000000001 0.834375 0.6375000000000002 0.8890625 0.6375000000000002
0 0.953125 0.7265625000000002 0.9125 0.7265625000000002 0.9125 0.81875 0.953125 0.81875
0 0.5640625000000001 0.7953125 0.5109375000000002 0.7953125 0.5109375000000002 0.88125 0.5640625000000001 0.88125
0 0.4515625000000002 0.7515625 0.4234375000000002 0.7515625 0.4234375000000002 0.8484375 0.4515625000000002 0.8484375
0 0.42500000000000016 0.8640625 0.3890625000000001 0.8640625 0.3890625000000001 0.9328125 0.42500000000000016 0.9328125
0 0.5453125 0.3125000000000001 0.4890625 0.3125000000000001 0.4890625 0.4875 0.5453125 0.4875
0 0.428125 0.30156250000000007 0.359375 0.3015625 0.35937500000000006 0.41875 0.428125 0.41875
0 0.29531250000000003 0.2671875 0.2046875 0.2671875 0.20468750000000005 0.4484375 0.2953125000000001 0.4484375
0 0.7609375 0.1671875000000001 0.56875 0.1671875000000001 0.56875 0.3765625000000001 0.7609375 0.3765625000000001
0 0.5265625 0.08906250000000006 0.43125 0.08906250000000004 0.43125 0.2640625000000001 0.5265625 0.2640625000000001
0 0.37968750000000007 0.503125 0.3453125000000001 0.503125 0.3453125000000001 0.584375 0.37968750000000007 0.584375
0 0.30156250000000007 0.696875 0.2531250000000001 0.696875 0.2531250000000001 0.8234375 0.30156250000000007 0.8234375
0 0.2078125000000001 0.7015625 0.15625000000000008 0.7015625 0.15625000000000008 0.8265625 0.2078125000000001 0.8265625
0 0.6812500000000001 0.6625 0.5734375 0.6625 0.5734375 0.840625 0.6812500000000001 0.840625
0 0.6953125000000002 0.9453125 0.6609375000000002 0.9453125 0.6609375000000002 1 0.6953125000000002 1