0 0.13593750000000002 0.05625000000000001 6.888638245203862e-18 0.05625 3.5112919944303015e-17 0.5171875 0.13593750000000004 0.5171875
0 0.5765625 0.3671875000000001 0.4203125 0.3671875000000001 0.4203125 0.534375 0.5765625 0.534375
0 0.3625000000000001 0.490625 0.2296875000000001 0.490625 0.2296875000000001 0.7171875 0.3625000000000001 0.7171875
0 0.17812500000000012 0.7265625 0.03125000000000009 0.7265625 0.031250000000000104 0.9765625 0.17812500000000014 0.9765625
0 0.5843750000000001 0.6625 0.3812500000000001 0.6625 0.3812500000000001 0.903125 0.5843750000000002 0.903125
0 0.7234375000000001 0.621875 0.6515625 0.621875 0.6515625 0.9734375 0.7234375000000002 0.9734375
0 0.896875 0.7281250000000001 0.7734375000000002 0.7281250000000001 0.7734375000000002 0.99375 0.896875 0.99375
0 0.88125 0.054687500000000076 0.371875 0.05468750000000004 0.37187500000000007 0.3968750000000001 0.88125 0.3968750000000001
0 1 0.4750000000000001 0.5953125 0.475 0.5953125 0.5875000000000001 1 0.5875000000000001
0 1 0.27031250000000007 0.9203125 0.27031250000000007 0.9203125 0.4656250000000002 1 0.4656250000000002
0 0.35937500000000006 0.06718750000000004 0.175 0.06718750000000002 0.17500000000000002 0.371875 0.3593750000000001 0.371875