0 0.746875 0.3453125000000001 0.6359375 0.3453125000000001 0.6359375 0.49687500000000007 0.746875 0.4968750000000002
0 0.4296875 4.582857943684236e-17 0.31875 3.903561672282188e-17 0.31875 0.13437500000000005 0.4296875 0.13437500000000005
0 0.23281250000000003 0.2453125 0.16093750000000004 0.2453125 0.16093750000000004 0.3734375 0.2328125000000001 0.3734375
0 0.3812500000000001 0.4296875 0.3062500000000001 0.4296875 0.3062500000000001 0.5390625 0.3812500000000001 0.5390625
0 0.15781250000000008 0.7671875 0.07031250000000008 0.7671875 0.0703125000000001 0.85625 0.15781250000000008 0.85625
0 0.85625 0.6281250000000002 0.8234375 0.6281250000000002 0.8234375 0.7390625000000002 0.85625 0.7390625000000002
0 0.08750000000000006 0.4203125 5.147343577666219e-17 0.4203125 6.52507122670699e-17 0.6453125 0.08750000000000009 0.6453125
0 0.09687500000000002 0.05625000000000001 6.888638245203862e-18 0.05625 2.516266470123077e-17 0.3546875 0.09687500000000004 0.3546875
0 0.4281250000000002 0.8515625 0.3703125000000001 0.8515625 0.3703125000000001 0.9625 0.4281250000000002 0.9625
0 0.8921875 0.3296875000000001 0.8296875 0.3296875000000001 0.8296875 0.47968750000000016 0.8921875 0.47968750000000016
0 0.525 0.4234375 0.4375 0.4234375 0.4375 0.515625 0.525 0.515625
0 0.6140625000000001 0.6109375 0.5515625 0.6109375 0.5515625000000001 0.734375 0.6140625000000002 0.734375