0 0.5078125 0.3921875000000001 0.403125 0.3921875000000001 0.403125 0.4671875 0.5078125 0.4671875
0 0.6140625000000002 0.7640625 0.5109375000000002 0.7640625 0.5109375000000002 0.8734375 0.6140625000000002 0.8734375
0 0.4343750000000002 0.7609375 0.2921875000000001 0.7609375 0.2921875000000001 0.8578125 0.4343750000000002 0.8578125
0 0.5984375000000002 0.875 0.4656250000000002 0.875 0.4656250000000002 0.940625 0.5984375000000002 0.940625
0 0.6828125 0.5265625 0.415625 0.5265625 0.415625 0.6546875 0.6828125 0.6546875
0 0.846875 0.4250000000000001 0.6109375 0.425 0.6109375 0.5203125000000001 0.846875 0.5203125000000002
0 0.12656250000000005 0.3359375 4.11404784088564e-17 0.3359375 4.6402632623942676e-17 0.421875 0.12656250000000005 0.421875
0 0.32812500000000006 0.3234375 0.2578125 0.3234375 0.25781250000000006 0.365625 0.3281250000000001 0.365625
0 0.3234375000000001 0.440625 0.17968750000000006 0.440625 0.17968750000000006 0.56875 0.3234375000000001 0.56875
0 0.875 0.55 0.7109375 0.55 0.7109375 0.6687500000000001 0.875 0.6687500000000002
0 0.17968750000000008 0.7 0.050000000000000086 0.7 0.050000000000000086 0.7640625 0.17968750000000008 0.7640625
0 0.17031250000000006 0.5171875 0.09843750000000007 0.5171875 0.09843750000000007 0.61875 0.1703125000000001 0.61875
0 1 0.2875000000000001 0.909375 0.2875000000000001 0.909375 0.3812500000000001 1 0.3812500000000001