0 0.25625000000000003 0.2796875 0.15937500000000004 0.2796875 0.15937500000000004 0.4484375 0.2562500000000001 0.4484375
0 0.12031250000000004 0.3140625 0.040625000000000036 0.3140625 0.04062500000000005 0.5140625 0.12031250000000004 0.5140625
0 0.1593750000000001 0.5671875 0.07187500000000006 0.5671875 0.07187500000000008 0.6765625 0.1593750000000001 0.6765625
0 0.2640625000000001 0.4328125 0.2000000000000001 0.4328125 0.2000000000000001 0.6859375 0.2640625000000001 0.6859375
0 0.22656250000000008 0.7203125 0.1984375000000001 0.7203125 0.1984375000000001 0.78125 0.22656250000000008 0.78125
0 0.37968750000000007 0.5234375 0.2843750000000001 0.5234375 0.2843750000000001 0.6484375 0.37968750000000007 0.6484375
0 0.30156250000000007 0.7171875 0.2609375000000001 0.7171875 0.2609375000000001 0.89375 0.30156250000000007 0.89375
0 0.3968750000000001 0.684375 0.30937500000000007 0.684375 0.30937500000000007 0.896875 0.3968750000000001 0.896875
0 0.7046875 0.49375 0.6296875 0.49375 0.6296875 0.6296875 0.7046875 0.6296875
0 0.6328125 0.33281250000000007 0.4796875 0.33281250000000007 0.4796875 0.4828125 0.6328125 0.4828125
0 0.5921875000000001 0.6703125 0.4421875 0.6703125 0.44218750000000007 1 0.5921875000000002 1
0 0.9421875 0.7968750000000002 0.8578125 0.7968750000000002 0.8578125 1 0.9421875 1
0 0.9140625 0.2890625000000001 0.84375 0.2890625000000001 0.84375 0.3906250000000001 0.9140625 0.3906250000000001
0 0.9390625 0.4359375000000002 0.859375 0.4359375000000002 0.859375 0.5437500000000002 0.9390625 0.5437500000000002
0 0.8921875 0.5578125000000002 0.79375 0.5578125000000002 0.79375 0.6484375000000002 0.8921875 0.6484375000000002
0 0.9359375 0.7203125000000001 0.7953125 0.7203125000000001 0.7953125000000001 0.7906250000000001 0.9359375 0.7906250000000001
0 0.8125 0.3390625000000001 0.73125 0.3390625000000001 0.73125 0.4984375000000002 0.8125 0.4984375000000002
0 0.4671875000000001 0.6265625 0.3937500000000001 0.6265625 0.3937500000000001 0.7484375 0.4671875000000002 0.7484375