0 0.2046875 0.16875 0.1515625 0.16875 0.15156250000000002 0.2640625 0.2046875 0.2640625
0 0.21875000000000008 0.3671875 0.14062500000000006 0.3671875 0.14062500000000006 0.4859375 0.21875000000000008 0.4859375
0 0.2828125000000001 0.5671875 0.1546875000000001 0.5671875 0.1546875000000001 0.7609375 0.2828125000000001 0.7609375
0 0.2734375000000001 0.3734375 0.2140625000000001 0.3734375 0.2140625000000001 0.4828125 0.2734375000000001 0.4828125
0 0.3203125 0.18437500000000004 0.2671875 0.18437500000000004 0.2671875 0.3046875 0.3203125 0.3046875
0 0.446875 0.03125000000000004 0.3078125 0.031250000000000035 0.3078125 0.3140625 0.446875 0.3140625000000001
0 0.4859375000000001 0.39531250000000007 0.35625000000000007 0.3953125 0.35625000000000007 0.790625 0.4859375000000002 0.790625
0 0.42968750000000017 0.8359375 0.3515625000000001 0.8359375 0.3515625000000001 0.95625 0.42968750000000017 0.95625
0 0.5406250000000001 0.83125 0.47187500000000016 0.83125 0.47187500000000016 1 0.5406250000000001 1
0 0.7093750000000002 0.7875 0.5390625000000002 0.7875 0.5390625000000002 1 0.7093750000000002 1
0 0.6703125000000001 0.540625 0.528125 0.540625 0.5281250000000001 0.73125 0.6703125000000002 0.73125
0 0.8703125 0.7468750000000001 0.6875000000000002 0.746875 0.6875000000000002 0.9046875 0.8703125 0.9046875
0 0.8546875 0.9265625 0.7453125000000002 0.9265625 0.7453125000000002 1 0.8546875 1
0 1 0.6781250000000002 0.9203125 0.6781250000000002 0.9203125 0.884375 1 0.884375
0 1 0.22031250000000008 0.8984375 0.22031250000000008 0.8984375 0.4578125000000002 1 0.4578125000000002
0 0.9171875 0.2453125000000001 0.771875 0.2453125000000001 0.771875 0.5203125000000002 0.9171875 0.5203125000000002