0 0.7828125000000001 0.834375 0.5968750000000002 0.834375 0.5968750000000002 1 0.7828125000000001 1
0 0.1890625000000001 0.8515625 0.0296875000000001 0.8515625 0.02968750000000011 1 0.18906250000000013 1
0 0.0375000000000001 0.740625 9.070040356185083e-17 0.740625 1.0294687155332437e-16 0.940625 0.03750000000000011 0.940625
0 0.30937500000000007 0.3890625 0.16093750000000004 0.3890625 0.16093750000000007 0.590625 0.30937500000000007 0.590625
0 0.3390625000000001 0.75 0.2140625000000001 0.75 0.2140625000000001 0.9328125 0.3390625000000001 0.9328125
0 0.4468750000000001 0.55 0.32500000000000007 0.55 0.32500000000000007 0.7546875 0.4468750000000002 0.7546875
0 0.6015625 0.35625000000000007 0.5328125 0.35625000000000007 0.5328125 0.5765625 0.6015625 0.5765625
0 0.4890625 0.4234375 0.43125 0.4234375 0.43125 0.53125 0.4890625 0.53125
0 0.3671875000000001 0.4125 0.3156250000000001 0.4125 0.3156250000000001 0.5265625 0.3671875000000001 0.5265625
0 0.6421875 0.528125 0.5875 0.528125 0.5875 0.6453125 0.6421875 0.6453125
0 0.5140625000000002 0.784375 0.4359375000000002 0.784375 0.4359375000000002 0.9609375 0.5140625000000002 0.9609375
0 0.5750000000000002 0.9109375 0.4937500000000002 0.9109375 0.4937500000000002 1 0.5750000000000002 1
0 0.8390625 0.6171875000000002 0.784375 0.6171875000000002 0.784375 0.7828125000000001 0.8390625 0.7828125000000001
0 0.921875 0.38750000000000007 0.8375 0.38750000000000007 0.8375 0.6968750000000001 0.921875 0.6968750000000001
0 0.840625 0.4234375000000002 0.7609375 0.4234375000000002 0.7609375 0.5546875000000002 0.840625 0.5546875000000002
0 0.7765625 0.4828125000000001 0.665625 0.4828125 0.665625 0.6484375000000001 0.7765625 0.6484375000000002
0 1 0.11718750000000014 0.9671875 0.11718750000000014 0.9671875 0.41718750000000016 1 0.41718750000000016
0 0.890625 9.663228649522084e-17 0.6875 8.419446744138054e-17 0.6875 0.2921875000000001 0.890625 0.2921875000000001