0 0.6765625 0.10468750000000009 0.5875 0.10468750000000009 0.5875 0.22812500000000008 0.6765625 0.22812500000000008
0 0.5546875 0.09843750000000007 0.4578125 0.09843750000000007 0.4578125 0.2812500000000001 0.5546875 0.2812500000000001
0 0.7140625 0.3359375000000001 0.5578125 0.3359375000000001 0.5578125 0.4390625 0.7140625 0.4390625
0 0.55625 0.475 0.4359375 0.475 0.4359375 0.6203125 0.55625 0.6203125
0 0.703125 0.53125 0.60625 0.53125 0.60625 0.7078125 0.703125 0.7078125
0 0.4390625000000001 0.71875 0.3046875000000001 0.71875 0.3046875000000001 0.840625 0.4390625000000002 0.840625
0 0.3062500000000001 0.871875 0.18906250000000008 0.871875 0.1890625000000001 1 0.3062500000000001 1
0 0.46093750000000017 0.8421875 0.3265625000000001 0.8421875 0.3265625000000001 1 0.46093750000000017 1
0 0.6812500000000001 0.7765625 0.5687500000000002 0.7765625 0.5687500000000002 0.95625 0.6812500000000001 0.95625
0 0.8609375 0.8296875 0.7171875000000002 0.8296875 0.7171875000000002 0.9609375 0.8609375 0.9609375
0 0.946875 0.7984375000000001 0.8828125 0.7984375000000001 0.8828125 0.9265625 0.946875 0.9265625
0 0.859375 0.0921875000000001 0.740625 0.09218750000000009 0.740625 0.3734375000000001 0.859375 0.3734375000000001
0 1 0.32500000000000007 0.8828125 0.32500000000000007 0.8828125 0.6359375000000002 1 0.6359375000000002
0 1 0.09843750000000012 0.921875 0.09843750000000011 0.921875 0.30156250000000007 1 0.30156250000000007
0 1 9.012635037475052e-17 0.471875 5.778802083476573e-17 0.471875 0.11093750000000009 1 0.11093750000000013
0 0.85 0.38750000000000007 0.7390625 0.38750000000000007 0.7390625 0.6156250000000002 0.85 0.6156250000000002
0 0.8234375 0.6640625000000002 0.746875 0.6640625000000002 0.7468750000000001 0.7812500000000002 0.8234375 0.7812500000000002
0 1 0.6609375000000002 0.8828125 0.6609375000000002 0.8828125 0.8171875 1 0.8171875
0 0.4218750000000001 0.721875 0.1703125000000001 0.721875 0.1703125000000001 0.8203125 0.42187500000000017 0.8203125
0 0.43125 0.4375 0.3312500000000001 0.4375 0.3312500000000001 0.6375 0.43125 0.6375
0 0.5421875000000002 0.8421875 0.4734375000000002 0.8421875 0.4734375000000002 1 0.5421875000000002 1
0 0.596875 0.71875 0.4328125 0.71875 0.4328125000000001 0.7953125 0.5968750000000002 0.7953125
0 0.915625 0.7125000000000001 0.84375 0.7125000000000001 0.84375 0.878125 0.915625 0.878125