0 0.3625000000000001 0.38125 0.10625000000000004 0.38125 0.10625000000000007 0.578125 0.3625000000000001 0.578125
0 0.2640625000000001 0.7359375 0.1593750000000001 0.7359375 0.1593750000000001 0.821875 0.2640625000000001 0.821875
0 0.1812500000000001 0.875 0.0640625000000001 0.875 0.0640625000000001 0.940625 0.18125000000000013 0.940625
0 0.28593750000000007 0.8578125 0.2171875000000001 0.8578125 0.2171875000000001 0.9265625 0.28593750000000007 0.9265625
0 0.03125000000000007 0.496875 6.084963783263412e-17 0.496875 6.888638245203862e-17 0.628125 0.031250000000000076 0.628125
0 0.4625 0.5234375 0.4234375 0.5234375 0.4234375 0.5953125 0.4625 0.5953125
0 0.9359375 0.3703125000000001 0.6921875 0.3703125000000001 0.6921875 0.7203125000000001 0.9359375 0.7203125000000001
0 0.821875 0.809375 0.6234375000000002 0.809375 0.6234375000000002 1 0.821875 1
0 0.58125 0.3437500000000001 0.4203125 0.3437500000000001 0.4203125 0.5109375 0.58125 0.5109375
0 0.6953125 0.15000000000000008 0.4734375 0.15000000000000005 0.4734375 0.3437500000000001 0.6953125 0.3437500000000001
0 1 0.42500000000000016 0.95 0.42500000000000016 0.95 0.6250000000000002 1 0.6250000000000002