0 0.55 0.446875 0.5 0.446875 0.5 0.5828125 0.55 0.5828125
0 0.609375 0.23437500000000008 0.5640625 0.23437500000000008 0.5640625 0.33281250000000007 0.609375 0.33281250000000007
0 0.478125 0.27968750000000003 0.33125 0.2796875 0.33125000000000004 0.4046875 0.478125 0.4046875
0 0.3687500000000001 0.728125 0.3062500000000001 0.728125 0.3062500000000001 0.796875 0.3687500000000001 0.796875
0 0.5281250000000002 0.7515625 0.4500000000000002 0.7515625 0.4500000000000002 0.8734375 0.5281250000000002 0.8734375
0 0.6828125 0.55 0.609375 0.55 0.6093750000000001 0.75 0.6828125000000002 0.75
0 0.6015625000000001 0.584375 0.5421875 0.584375 0.5421875 0.8125 0.6015625000000002 0.8125
0 0.665625 0.3578125000000001 0.6078125 0.3578125000000001 0.6078125 0.41875 0.665625 0.41875
0 0.9671875 0.43750000000000017 0.9140625 0.43750000000000017 0.9140625 0.5421875000000002 0.9671875 0.5421875000000002
0 0.6593750000000002 0.8671875 0.5406250000000001 0.8671875 0.5406250000000001 1 0.6593750000000002 1
0 0.809375 0.784375 0.6937500000000002 0.784375 0.6937500000000002 1 0.809375 1