6 0.3171875 0.2625 0.215625 0.2625 0.215625 0.3265625 0.3171875 0.3265625
6 0.3734375000000001 0.38125000000000003 0.3125000000000001 0.38125 0.3125000000000001 0.4296875 0.3734375000000001 0.4296875
6 0.403125 0.484375 0.33281250000000007 0.484375 0.33281250000000007 0.5296875 0.403125 0.5296875
6 0.8609375 0.4703125000000002 0.8 0.4703125000000002 0.8 0.5265625000000002 0.8609375 0.5265625000000002
6 0.7078125 0.3890625000000001 0.525 0.3890625000000001 0.525 0.478125 0.7078125 0.478125
6 0.6421875 0.4921875 0.5203125 0.4921875 0.5203125 0.55625 0.6421875 0.55625
6 1 0.8140625 0.7984375000000001 0.8140625 0.7984375000000001 0.9984375 1 0.9984375
6 0.49531250000000016 0.7265625 0.2812500000000001 0.7265625 0.2812500000000001 0.8625 0.49531250000000016 0.8625
6 0.22656250000000008 0.3640625 4.4584797531458325e-17 0.3640625 5.13777602454788e-17 0.475 0.22656250000000008 0.475
6 0.10937500000000008 0.71875 8.802148868871601e-17 0.71875 9.892849924362213e-17 0.896875 0.10937500000000008 0.896875
6 0.3031250000000001 0.6046875 0.21250000000000008 0.6046875 0.21250000000000008 0.6546875 0.3031250000000001 0.6546875
6 0.7203125000000001 0.896875 0.6578125000000001 0.896875 0.6578125000000001 0.9375 0.7203125000000001 0.9375
6 0.21875000000000008 0.903125 0.14843750000000008 0.903125 0.1484375000000001 0.95 0.21875000000000008 0.95
6 0.3515625000000001 0.9484375 0.2796875000000001 0.9484375 0.2796875000000001 0.978125 0.3515625000000001 0.978125
6 0.10625 0.1125 0.06718750000000002 0.1125 0.06718750000000002 0.1546875 0.10625 0.1546875
6 0.8171875 0.12031250000000009 0.7078125 0.12031250000000009 0.7078125 0.17343750000000008 0.8171875 0.17343750000000008
6 0.8765625 0.2156250000000001 0.8 0.2156250000000001 0.8 0.30937500000000007 0.8765625 0.30937500000000007
6 0.7625 0.2828125000000001 0.7046875 0.2828125000000001 0.7046875 0.3531250000000001 0.7625 0.3531250000000001
6 0.9375 0.3593750000000001 0.8890625 0.3593750000000001 0.8890625 0.3812500000000001 0.9375 0.3812500000000001
6 0.05625000000000008 0.5375 6.582476545417023e-17 0.5375 7.386151007357473e-17 0.66875 0.05625000000000009 0.66875