7 0.14687500000000003 0.29375 3.59739997249535e-17 0.29375 4.9655600684177836e-17 0.5171875 0.14687500000000003 0.5171875
7 0.38281250000000006 0.24218750000000006 0.20625 0.2421875 0.20625000000000004 0.51875 0.3828125000000001 0.51875
7 0.2375000000000001 0.55 0.10937500000000008 0.55 0.10937500000000008 0.70625 0.2375000000000001 0.70625
7 0.0953125000000001 0.8265625 0.004687500000000101 0.8265625 0.00468750000000011 0.9609375 0.0953125000000001 0.9609375
7 0.3296875000000001 0.79375 0.1984375000000001 0.79375 0.1984375000000001 0.971875 0.3296875000000001 0.971875
7 0.5000000000000002 0.9 0.47656250000000017 0.9 0.47656250000000017 0.9265625 0.5000000000000002 0.9265625
7 0.5593750000000002 0.859375 0.45625000000000016 0.859375 0.45625000000000016 1 0.5593750000000002 1
7 0.6609375000000001 0.559375 0.4140625 0.559375 0.4140625000000001 0.821875 0.6609375000000002 0.821875
7 0.809375 0.5218750000000001 0.7140625 0.521875 0.7140625 0.6171875000000001 0.809375 0.6171875000000002
7 0.7609375 0.6656250000000001 0.71875 0.665625 0.7187500000000001 0.7421875000000001 0.7609375000000002 0.7421875000000002
7 1 0.7203125000000001 0.715625 0.7203125 0.7156250000000001 1 1 1