7 0.020312500000000046 0.3390625 4.152318053358994e-17 0.3390625 4.860316984116058e-17 0.4546875 0.020312500000000056 0.4546875
7 0.12656250000000008 0.6953125 0.05468750000000009 0.6953125 0.05468750000000009 0.815625 0.12656250000000008 0.815625
7 0.3781250000000001 0.4453125 0.30937500000000007 0.4453125 0.30937500000000007 0.5234375 0.3781250000000001 0.5234375
7 0.571875 0.421875 0.4140625 0.421875 0.4140625 0.66875 0.571875 0.66875
7 0.578125 0.2453125000000001 0.4359375 0.2453125000000001 0.4359375 0.4015625 0.578125 0.4015625
7 0.7390625 0.2062500000000001 0.696875 0.2062500000000001 0.696875 0.2484375000000001 0.7390625 0.2484375000000001
7 0.5015625 0.04375000000000005 0.3859375 0.043750000000000046 0.3859375 0.18437500000000004 0.5015625 0.18437500000000004
7 0.7625000000000001 0.5234375000000001 0.65625 0.5234375 0.6562500000000001 0.7375 0.7625000000000002 0.7375000000000002
7 0.990625 0.6312500000000002 0.8578125 0.6312500000000002 0.8578125 0.8515625 0.990625 0.8515625
7 0.8375 0.93125 0.7640625000000002 0.93125 0.7640625000000002 1 0.8375 1
7 0.5421875000000002 0.7421875 0.45312500000000017 0.7421875 0.45312500000000017 0.8828125 0.5421875000000002 0.8828125
7 0.37187500000000007 0.853125 0.30937500000000007 0.853125 0.30937500000000007 0.940625 0.37187500000000007 0.940625