7 0.14218750000000008 0.509375 0.03750000000000007 0.509375 0.037500000000000075 0.6953125 0.14218750000000008 0.6953125
7 0.1984375000000001 0.70625 0.09218750000000009 0.70625 0.0921875000000001 0.8546875 0.1984375000000001 0.8546875
7 0.3546875000000001 0.765625 0.23437500000000008 0.765625 0.23437500000000008 1 0.3546875000000001 1
7 0.85625 0.7984375000000001 0.3781250000000001 0.7984375 0.3781250000000001 1 0.85625 1
7 0.021875000000000113 0.878125 1.0753929705012696e-16 0.878125 1.1433225976414744e-16 0.9890625 0.021875000000000124 0.9890625
7 0.2234375000000001 0.9171875 0.16250000000000014 0.9171875 0.16250000000000014 1 0.2234375000000001 1
7 0.042187500000000086 0.6984375 0.0015625000000000853 0.6984375 0.0015625000000000894 0.765625 0.042187500000000086 0.765625
7 0.55625 0.43125 0.15312500000000004 0.43125 0.15312500000000007 0.6484375 0.55625 0.6484375
7 0.5437500000000001 0.6703125 0.3906250000000001 0.6703125 0.3906250000000001 0.7828125 0.5437500000000002 0.7828125
7 0.903125 0.4296875000000001 0.5765625 0.4296875 0.5765625000000001 0.7828125000000001 0.903125 0.7828125000000001
7 0.6015625 0.23593750000000005 0.334375 0.2359375 0.33437500000000003 0.4109375 0.6015625 0.4109375
7 0.9140625 0.2234375000000001 0.8375 0.2234375000000001 0.8375 0.3515625000000001 0.9140625 0.3515625000000001
7 1 0.47187500000000016 0.984375 0.47187500000000016 0.984375 0.5593750000000002 1 0.5593750000000002
7 0.22968750000000004 0.2109375 0.15000000000000005 0.2109375 0.15000000000000005 0.3640625 0.2296875000000001 0.3640625
7 0.09531250000000004 0.2671875 3.2721031664718344e-17 0.2671875 4.314966456370752e-17 0.4375 0.09531250000000005 0.4375
7 0.3625 0.12812500000000004 0.246875 0.12812500000000004 0.246875 0.265625 0.3625 0.265625