7 0.4578125 0.2656250000000001 0.3734375 0.2656250000000001 0.37343750000000003 0.3937500000000001 0.4578125 0.3937500000000001
7 0.603125 0.3109375000000001 0.5515625 0.3109375000000001 0.5515625 0.403125 0.603125 0.403125
7 0.3625000000000001 0.4125 0.2890625000000001 0.4125 0.2890625000000001 0.5125 0.3625000000000001 0.5125
7 0.21250000000000005 0.3296875 0.11718750000000004 0.3296875 0.11718750000000004 0.415625 0.21250000000000008 0.415625
7 0.34062500000000007 0.70625 0.2156250000000001 0.70625 0.2156250000000001 0.9203125 0.34062500000000007 0.9203125
7 0.12500000000000008 0.690625 0.06875000000000009 0.690625 0.06875000000000009 0.75625 0.12500000000000008 0.75625
7 0.11093750000000013 0.934375 0.06875000000000012 0.934375 0.06875000000000012 1 0.11093750000000013 1
7 0.6609375 0.5734375 0.525 0.5734375 0.525 0.6546875 0.6609375 0.6546875
7 0.8046875 0.6546875000000001 0.7125 0.6546875 0.7125000000000001 0.7828125000000001 0.8046875 0.7828125000000001
7 0.7453125000000002 0.825 0.6609375000000002 0.825 0.6609375000000002 0.91875 0.7453125000000002 0.91875
7 0.5015625000000001 0.8171875 0.4234375000000002 0.8171875 0.4234375000000002 0.928125 0.5015625000000001 0.928125
7 0.6093750000000002 0.96875 0.5031250000000002 0.96875 0.5031250000000002 1 0.6093750000000002 1