7 0.625 0.3390625000000001 0.43125 0.3390625000000001 0.43125 0.6296875 0.625 0.6296875
7 0.9953125 0.2578125000000001 0.6328125 0.2578125000000001 0.6328125 0.5015625000000001 0.9953125 0.5015625000000001
7 0.39375000000000004 0.07500000000000004 0.23125 0.07500000000000002 0.23125000000000004 0.36718750000000006 0.3937500000000001 0.3671875000000001
7 0.16875000000000007 0.515625 0.026562500000000065 0.515625 0.02656250000000008 0.6890625 0.1687500000000001 0.6890625
7 0.08750000000000005 0.24375 2.985076572921674e-17 0.24375 4.2766962438973974e-17 0.4546875 0.08750000000000006 0.4546875
7 0.1265625000000001 0.7796875 0.0359375000000001 0.7796875 0.03593750000000011 0.9296875 0.12656250000000013 0.9296875
7 0.4 0.5453125 0.3062500000000001 0.5453125 0.3062500000000001 0.7203125 0.4 0.7203125
7 0.38750000000000007 0.765625 0.3546875000000001 0.765625 0.3546875000000001 0.853125 0.38750000000000007 0.853125
7 0.4609375000000001 0.684375 0.41875 0.684375 0.41875000000000007 0.76875 0.46093750000000017 0.76875
7 0.5593750000000002 0.8 0.46093750000000017 0.8 0.46093750000000017 0.9078125 0.5593750000000002 0.9078125
7 0.5359375000000002 0.9625 0.3812500000000001 0.9625 0.3812500000000001 1 0.5359375000000002 1
7 0.3468750000000001 0.9796875 0.2828125000000001 0.9796875 0.2828125000000001 1 0.3468750000000001 1
7 0.825 9.184850993605148e-17 0.675 8.266365894244634e-17 0.675 0.21250000000000008 0.825 0.21250000000000008
7 0.628125 0.08593750000000007 0.4609375 0.08593750000000007 0.4609375 0.2578125000000001 0.628125 0.2578125000000001
7 0.990625 0.7218750000000002 0.7984375 0.7218750000000002 0.7984375000000001 0.990625 0.990625 0.990625