7 0.2531250000000001 0.4109375 0.15000000000000005 0.4109375 0.15000000000000008 0.596875 0.2531250000000001 0.596875
7 0.6703125 0.3656250000000001 0.403125 0.3656250000000001 0.403125 0.571875 0.6703125 0.571875
7 0.8796875 0.6187500000000001 0.4609375 0.61875 0.4609375000000001 0.8578125 0.8796875 0.8578125
7 1 0.7390625000000002 0.9796875 0.7390625000000002 0.9796875 0.878125 1 0.878125
7 0.4359375000000001 0.71875 0.2921875000000001 0.71875 0.2921875000000001 0.9015625 0.4359375000000002 0.9015625
7 0.2812500000000001 0.8328125 0.11250000000000009 0.8328125 0.11250000000000011 0.9265625 0.2812500000000001 0.9265625
7 0.5421875000000002 0.9296875 0.3140625000000001 0.9296875 0.3140625000000001 1 0.5421875000000002 1
7 0.7234375000000002 0.9640625 0.5625000000000002 0.9640625 0.5625000000000002 1 0.7234375000000002 1
7 0.8765625 0.909375 0.7453125000000002 0.909375 0.7453125000000002 1 0.8765625 1
7 0.675 0.10937500000000007 0.4328125 0.10937500000000004 0.4328125 0.3234375000000001 0.675 0.3234375000000001
7 0.934375 0.0500000000000001 0.7 0.050000000000000086 0.7 0.27031250000000007 0.934375 0.27031250000000007
7 1 1.195944139792337e-16 0.953125 1.1672414804373209e-16 0.953125 0.17968750000000014 1 0.17968750000000014
7 1 0.42968750000000017 0.9609375 0.42968750000000017 0.9609375 0.6109375000000001 1 0.6109375000000001
7 0.15156250000000004 0.353125 0.04843750000000004 0.353125 0.04843750000000005 0.46875 0.15156250000000004 0.46875
7 0.08125000000000013 0.9734375 1.1921171185450017e-16 0.9734375 1.2083819588461776e-16 1 0.08125000000000013 1
7 0.3703125 0.0031250000000000375 0.240625 0.0031250000000000292 0.240625 0.15468750000000003 0.3703125 0.15468750000000003