8 0.042187500000000065 0.434375 5.319559533796316e-17 0.434375 6.343287717458557e-17 0.6015625 0.04218750000000008 0.6015625
8 0.2984375 0.2953125 0.2078125 0.2953125 0.20781250000000004 0.39375 0.2984375000000001 0.39375
8 0.2500000000000001 0.4390625 0.17656250000000004 0.4390625 0.17656250000000007 0.5453125 0.2500000000000001 0.5453125
8 0.3546875000000001 0.4703125 0.29375000000000007 0.4703125 0.29375000000000007 0.5875 0.3546875000000001 0.5875
8 0.1609375000000001 0.6296875 0.09843750000000007 0.6296875 0.09843750000000008 0.715625 0.1609375000000001 0.715625
8 0.2375000000000001 0.703125 0.17187500000000008 0.703125 0.17187500000000008 0.83125 0.2375000000000001 0.83125
8 0.2328125000000001 0.9484375 0.12656250000000013 0.9484375 0.12656250000000013 1 0.2328125000000001 1
8 0.42968750000000017 0.8265625 0.35625000000000007 0.8265625 0.35625000000000007 0.953125 0.42968750000000017 0.953125
8 0.5984375000000002 0.775 0.5093750000000001 0.775 0.5093750000000001 0.9328125 0.5984375000000002 0.9328125
8 0.834375 0.5140625000000002 0.778125 0.5140625000000002 0.778125 0.6234375000000002 0.834375 0.6234375000000002
8 0.9828125 0.5312500000000002 0.878125 0.5312500000000002 0.878125 0.6265625000000001 0.9828125 0.6265625000000001
8 0.590625 0.3125000000000001 0.53125 0.3125000000000001 0.53125 0.3984375000000001 0.590625 0.3984375000000001
8 0.6671875 0.2296875000000001 0.6125 0.2296875000000001 0.6125 0.3343750000000001 0.6671875 0.3343750000000001
8 0.04062500000000001 2.4875638107680615e-18 0 0 4.6881010279859615e-18 0.0765625 0.04062500000000001 0.0765625