8 0.4671875 0.11562500000000005 0.359375 0.11562500000000005 0.359375 0.2671875 0.4671875 0.2671875000000001
8 0.5890625 0.19062500000000007 0.4984375 0.19062500000000004 0.4984375 0.3187500000000001 0.5890625 0.3187500000000001
8 0.321875 0.209375 0.2140625 0.209375 0.21406250000000004 0.3953125 0.3218750000000001 0.3953125
8 0.15781250000000008 0.55625 0.057812500000000065 0.55625 0.057812500000000065 0.628125 0.15781250000000008 0.628125
8 0.18750000000000008 0.6390625 0.12343750000000009 0.6390625 0.12343750000000009 0.75625 0.18750000000000008 0.75625
8 0.4671875000000001 0.4875 0.2171875000000001 0.4875 0.2171875000000001 0.734375 0.4671875000000002 0.734375
8 0.6453125000000001 0.6703125 0.5203125 0.6703125 0.5203125000000001 0.803125 0.6453125000000002 0.803125
8 1 0.19687500000000013 0.934375 0.19687500000000013 0.934375 0.3531250000000001 1 0.3531250000000001
8 1 0.3921875000000001 0.9171875 0.3921875000000001 0.9171875 0.4968750000000002 1 0.4968750000000002
8 0.3921875000000001 0.9296875 0.3234375000000001 0.9296875 0.3234375000000001 1 0.3921875000000001 1
8 0.7343750000000002 0.94375 0.5281250000000002 0.94375 0.5281250000000002 1 0.7343750000000002 1