8 0.27031250000000007 0.296875 0.12031250000000004 0.296875 0.12031250000000007 0.5609375 0.27031250000000007 0.5609375
8 0.40625 0.403125 0.3234375000000001 0.403125 0.3234375000000001 0.4984375 0.40625 0.4984375
8 0.50625 0.39531250000000007 0.4109375 0.39531250000000007 0.4109375 0.540625 0.50625 0.540625
8 0.7625 0.2640625000000001 0.56875 0.2640625000000001 0.56875 0.5156250000000001 0.7625 0.5156250000000002
8 0.9359375 0.4234375000000002 0.8609375 0.4234375000000002 0.8609375 0.5234375000000002 0.9359375 0.5234375000000002
8 0.45625 0.5203125 0.3687500000000001 0.5203125 0.3687500000000001 0.64375 0.45625 0.64375
8 0.7453125 0.5406250000000001 0.5203125 0.540625 0.5203125000000001 0.7703125000000001 0.7453125000000002 0.7703125000000002
8 0.55 0.7140625 0.16406250000000008 0.7140625 0.1640625000000001 1 0.5500000000000002 1
8 0.6781250000000002 0.840625 0.6328125000000002 0.840625 0.6328125000000002 0.9109375 0.6781250000000002 0.9109375
8 0.8953125 0.934375 0.6781250000000002 0.934375 0.6781250000000002 1 0.8953125 1
8 1 0.85625 0.9890625 0.85625 0.9890625 0.946875 1 0.946875